840	842	2	2							
1181	1183	2	4							
848	850	2	6							
1030	1033	3	9	990		1440				
1088	1091	3	12							
596	600	4	16							
751	755	4	20							
681	685	4	24						32	15
704	709	5	29							
934	940	6	35							
1122	1128	6	41							
897	903	6	47							
769	776	7	54							
1019	1027	8	62							
1264	1273	9	71							
763	772	9	80							
1002	1011	9	89							
1288	1298	10	99							
1172	1183	11	110							
831	842	11	121							
947	959	12	133							
635	647	12	145							
1134	1146	12	157							
1246	1259	13	170							
716	730	14	184							
825	840	15	199							
1008	1024	16	215							
660	676	16	231							
667	683	16	247							
1136	1153	17	264							
799	817	18	282							
603	621	18	300							
1133	1151	18	318							
600	619	19	337							
1226	1245	19	356							
980	999	19	375							
1216	1236	20	395							
1122	1142	20	415							
1094	1114	20	435							
978	999	21	456							
1035	1057	22	478							
889	911	22	500							
1199	1221	22	522							
1260	1283	23	545							
965	989	24	569							
823	848	25	594							
575	601	26	620							
1199	1227	28	648							
1173	1201	28	676							
749	778	29	705							
1060	1089	29	734							
976	1006	30	764							
1045	1075	30	794							
862	892	30	824							
1171	1202	31	855							
649	681	32	887							
946	978	32	919							
969	1001	32	951							
930	962	32	983							
903	936	33	1016							
1176	1211	35	1051							
1237	1273	36	1087							
1000	1036	36	1123							
1042	1080	38	1161							
1116	1155	39	1200							
1193	1232	39	1239							
1024	1063	39	1278							
748	788	40	1318							
906	947	41	1359							
969	1011	42	1401							
1007	1050	43	1444							
740	783	43	1487							
1106	1149	43	1530							
940	983	43	1573							
1045	1088	43	1616							
1061	1105	44	1660							
708	752	44	1704							
926	971	45	1749							
1163	1208	45	1794							
1016	1061	45	1839							
1049	1095	46	1885							
635	681	46	1931							
1142	1189	47	1978							
871	918	47	2025							
967	1016	49	2074							
923	973	50	2124							
954	1004	50	2174							
777	827	50	2224							
764	815	51	2275							
1007	1059	52	2327							
927	980	53	2380							
888	941	53	2433							
1241	1294	53	2486							
812	869	57	2543							
1036	1093	57	2600							
592	649	57	2657							
1181	1239	58	2715							
999	1058	59	2774							
1084	1143	59	2833							
1231	1291	60	2893							
545	605	60	2953							
1042	1102	60	3013							
669	731	62	3075							
1026	1088	62	3137							
812	876	64	3201							
800	864	64	3265							
835	900	65	3330							
808	874	66	3396							
1103	1169	66	3462							
605	672	67	3529							
1199	1267	68	3597							
1058	1127	69	3666							
1198	1268	70	3736							
782	852	70	3806							
694	765	71	3877							
743	814	71	3948							
1029	1101	72	4020							
869	941	72	4092							
642	716	74	4166							
681	756	75	4241							
825	900	75	4316							
806	881	75	4391							
1025	1101	76	4467							
899	975	76	4543							
1117	1194	77	4620							
887	964	77	4697							
1142	1220	78	4775							
1157	1236	79	4854							
549	630	81	4935							
763	844	81	5016							
610	691	81	5097							
643	725	82	5179							
1075	1158	83	5262							
644	727	83	5345							
1179	1262	83	5428							
521	606	85	5513							
1184	1270	86	5599							
646	734	88	5687							
719	808	89	5776							
967	1056	89	5865							
964	1054	90	5955							
1006	1097	91	6046							
806	898	92	6138							
1106	1198	92	6230							
633	726	93	6323							
869	962	93	6416							
899	992	93	6509							
739	832	93	6602							
570	664	94	6696							
536	630	94	6790							
552	646	94	6884							
622	717	95	6979							
506	601	95	7074							
611	707	96	7170							
1108	1205	97	7267							
764	864	100	7367							
943	1043	100	7467							
726	827	101	7568							
778	879	101	7669							
1020	1121	101	7770							
1159	1260	101	7871							
601	703	102	7973							
806	908	102	8075							
1108	1211	103	8178							
713	819	106	8284							
926	1032	106	8390							
576	682	106	8496							
600	707	107	8603							
1093	1200	107	8710							
884	991	107	8817							
744	851	107	8924							
786	893	107	9031							
859	967	108	9139							
711	819	108	9247							
1136	1245	109	9356							
901	1010	109	9465							
707	817	110	9575							
726	836	110	9685							
1091	1202	111	9796							
1152	1263	111	9907							
1118	1230	112	10019							
1180	1292	112	10131							
999	1113	114	10245							
656	772	116	10361							
516	632	116	10477							
758	875	117	10594							
705	823	118	10712							
931	1051	120	10832							
701	821	120	10952							
1104	1224	120	11072							
1047	1169	122	11194							
650	772	122	11316							
1035	1160	125	11441							
750	875	125	11566							
867	992	125	11691							
659	785	126	11817							
565	691	126	11943							
929	1055	126	12069							
1101	1228	127	12196							
1067	1194	127	12323							
1136	1263	127	12450							
747	874	127	12577							
953	1081	128	12705							
686	814	128	12833							
617	746	129	12962							
1076	1206	130	13092							
1104	1235	131	13223							
589	722	133	13356							
994	1127	133	13489							
1115	1249	134	13623							
511	645	134	13757							
684	819	135	13892							
668	803	135	14027							
987	1124	137	14164							
636	773	137	14301							
1129	1266	137	14438							
887	1025	138	14576							
680	819	139	14715							
714	853	139	14854							
1119	1259	140	14994							
1028	1168	140	15134							
1012	1152	140	15274							
1145	1286	141	15415							
880	1022	142	15557							
829	973	144	15701							
965	1110	145	15846							
915	1063	148	15994							
902	1050	148	16142							
496	646	150	16292							
798	949	151	16443							
489	640	151	16594							
928	1080	152	16746							
1111	1265	154	16900							
874	1029	155	17055							
686	841	155	17210							
999	1156	157	17367							
1110	1269	159	17526							
1130	1289	159	17685							
1062	1222	160	17845							
722	882	160	18005							
990	1151	161	18166							
533	694	161	18327							
993	1154	161	18488							
696	858	162	18650							
872	1035	163	18813							
542	705	163	18976							
438	603	165	19141							
1018	1183	165	19306							
758	925	167	19473							
1064	1231	167	19640							
745	912	167	19807							
706	877	171	19978							
947	1118	171	20149							
1048	1220	172	20321							
673	845	172	20493							
880	1052	172	20665							
766	938	172	20837							
1038	1211	173	21010							
858	1032	174	21184							
704	878	174	21358							
1033	1208	175	21533							
697	873	176	21709							
799	977	178	21887							
443	621	178	22065							
1020	1199	179	22244							
832	1012	180	22424							
891	1071	180	22604							
865	1046	181	22785							
636	818	182	22967							
961	1144	183	23150							
868	1051	183	23333							
767	951	184	23517							
931	1116	185	23702							
1013	1198	185	23887							
1078	1263	185	24072							
838	1023	185	24257							
819	1005	186	24443							
916	1103	187	24630							
731	919	188	24818							
488	677	189	25007							
678	869	191	25198							
431	622	191	25389							
781	973	192	25581							
601	794	193	25774							
909	1103	194	25968							
933	1128	195	26163							
986	1182	196	26359							
467	664	197	26556							
476	673	197	26753							
1089	1287	198	26951							
870	1068	198	27149							
655	853	198	27347							
799	998	199	27546							
512	712	200	27746							
1050	1251	201	27947							
580	781	201	28148							
568	769	201	28349							
461	662	201	28550							
921	1123	202	28752							
821	1023	202	28954							
543	746	203	29157							
435	639	204	29361							
797	1002	205	29566							
399	606	207	29773							
789	997	208	29981							
690	899	209	30190							
539	750	211	30401							
427	639	212	30613							
652	864	212	30825							
917	1130	213	31038							
808	1021	213	31251							
856	1070	214	31465							
446	660	214	31679							
465	680	215	31894							
985	1201	216	32110							
1038	1254	216	32326							
1024	1240	216	32542							
990	1208	218	32760							
462	680	218	32978							
1011	1231	220	33198							
891	1112	221	33419							
846	1068	222	33641							
979	1201	222	33863							
440	662	222	34085							
813	1037	224	34309							
863	1087	224	34533							
1069	1294	225	34758							
821	1046	225	34983							
958	1183	225	35208							
630	855	225	35433							
495	720	225	35658							
843	1069	226	35884							
742	969	227	36111							
1046	1274	228	36339							
606	835	229	36568							
569	798	229	36797							
772	1003	231	37028							
986	1218	232	37260							
731	963	232	37492							
1052	1284	232	37724							
528	763	235	37959							
503	739	236	38195							
754	991	237	38432							
899	1138	239	38671							
484	724	240	38911							
805	1045	240	39151							
963	1204	241	39392							
913	1156	243	39635							
1037	1280	243	39878							
472	717	245	40123							
621	867	246	40369							
950	1200	250	40619							
727	977	250	40869							
375	625	250	41119							
730	982	252	41371							
945	1198	253	41624							
892	1145	253	41877							
685	939	254	42131							
804	1058	254	42385							
974	1229	255	42640							
1034	1290	256	42896							
945	1203	258	43154							
455	713	258	43412							
953	1211	258	43670							
458	716	258	43928							
873	1132	259	44187							
692	951	259	44446							
720	980	260	44706							
1017	1279	262	44968							
824	1086	262	45230							
1029	1292	263	45493							
481	744	263	45756							
955	1219	264	46020							
870	1135	265	46285							
699	965	266	46551							
858	1126	268	46819							
600	868	268	47087							
347	615	268	47355							
942	1216	274	47629							
852	1128	276	47905							
338	615	277	48182							
983	1260	277	48459							
653	932	279	48738							
407	686	279	49017							
998	1277	279	49296							
803	1083	280	49576							
623	903	280	49856							
934	1214	280	50136							
577	861	284	50420							
700	984	284	50704							
1004	1289	285	50989							
571	857	286	51275							
857	1144	287	51562							
954	1241	287	51849							
658	945	287	52136							
661	948	287	52423							
759	1046	287	52710							
962	1252	290	53000							
815	1106	291	53291							
962	1255	293	53584							
1002	1295	293	53877							
738	1031	293	54170							
918	1213	295	54465							
935	1231	296	54761							
820	1116	296	55057							
376	674	298	55355							
750	1050	300	55655							
798	1100	302	55957							
911	1215	304	56261							
689	993	304	56565							
710	1014	304	56869							
425	731	306	57175							
784	1091	307	57482							
761	1069	308	57790							
613	921	308	58098							
736	1046	310	58408							
741	1051	310	58718							
785	1095	310	59028							
331	645	314	59342							
762	1077	315	59657							
972	1287	315	59972							
884	1201	317	60289							
860	1178	318	60607							
956	1274	318	60925							
857	1175	318	61243							
653	972	319	61562							
973	1293	320	61882							
327	647	320	62202							
555	876	321	62523							
563	884	321	62844							
934	1257	323	63167							
695	1019	324	63491							
865	1190	325	63816							
789	1114	325	64141							
611	937	326	64467							
904	1230	326	64793							
686	1012	326	65119							
550	878	328	65447							
926	1255	329	65776							
847	1176	329	66105							
682	1012	330	66435							
807	1139	332	66767							
342	674	332	67099							
775	1107	332	67431							
753	1086	333	67764							
849	1183	334	68098							
529	864	335	68433							
726	1062	336	68769							
853	1189	336	69105							
770	1109	339	69444							
848	1188	340	69784							
776	1116	340	70124							
748	1088	340	70464							
821	1164	343	70807							
383	727	344	71151							
885	1229	344	71495							
599	944	345	71840							
557	903	346	72186							
861	1207	346	72532							
883	1231	348	72880							
667	1015	348	73228							
685	1034	349	73577							
343	695	352	73929							
616	968	352	74281							
363	715	352	74633							
762	1116	354	74987							
660	1015	355	75342							
833	1189	356	75698							
464	821	357	76055							
639	996	357	76412							
905	1263	358	76770							
597	955	358	77128							
738	1096	358	77486							
466	824	358	77844							
886	1245	359	78203							
315	674	359	78562							
252	614	362	78924							
708	1071	363	79287							
583	947	364	79651							
702	1066	364	80015							
670	1039	369	80384							
351	720	369	80753							
880	1250	370	81123							
816	1186	370	81493							
694	1065	371	81864							
740	1111	371	82235							
815	1187	372	82607							
724	1097	373	82980							
793	1166	373	83353							
793	1166	373	83726							
907	1280	373	84099							
679	1053	374	84473							
824	1199	375	84848							
478	853	375	85223							
454	830	376	85599							
687	1065	378	85977							
757	1137	380	86357							
400	782	382	86739							
853	1235	382	87121							
640	1024	384	87505							
641	1025	384	87889							
712	1097	385	88274							
666	1052	386	88660							
784	1170	386	89046							
828	1215	387	89433							
723	1111	388	89821							
290	679	389	90210							
845	1234	389	90599							
898	1287	389	90988							
584	974	390	91378							
683	1073	390	91768							
558	949	391	92159							
510	903	393	92552							
729	1122	393	92945							
870	1264	394	93339							
392	787	395	93734							
800	1195	395	94129							
308	704	396	94525							
896	1292	396	94921							
677	1073	396	95317							
809	1207	398	95715							
770	1169	399	96114							
221	620	399	96513							
413	813	400	96913							
316	716	400	97313							
282	682	400	97713							
822	1223	401	98114							
285	687	402	98516							
873	1278	405	98921							
777	1185	408	99329							
582	990	408	99737							
853	1263	410	100147							
670	1080	410	100557							
877	1287	410	100967							
544	956	412	101379							
513	925	412	101791							
703	1115	412	102203							
661	1076	415	102618							
849	1265	416	103034							
250	667	417	103451							
733	1152	419	103870							
720	1139	419	104289							
593	1013	420	104709							
778	1200	422	105131							
551	973	422	105553							
803	1225	422	105975							
612	1035	423	106398							
810	1236	426	106824							
718	1144	426	107250							
339	766	427	107677							
826	1255	429	108106							
854	1284	430	108536							
747	1178	431	108967							
654	1086	432	109399							
403	839	436	109835							
309	746	437	110272							
607	1044	437	110709							
265	703	438	111147							
279	719	440	111587							
822	1262	440	112027							
168	609	441	112468							
270	713	443	112911							
420	864	444	113355							
706	1150	444	113799							
195	640	445	114244							
424	869	445	114689							
546	991	445	115134							
766	1211	445	115579							
240	687	447	116026							
178	626	448	116474							
631	1080	449	116923							
697	1146	449	117372							
360	812	452	117824							
268	720	452	118276							
602	1054	452	118728							
301	754	453	119181							
519	972	453	119634							
491	945	454	120088							
323	777	454	120542							
509	964	455	120997							
767	1223	456	121453							
447	904	457	121910							
623	1083	460	122370							
361	823	462	122832							
276	738	462	123294							
648	1111	463	123757							
813	1280	467	124224							
700	1167	467	124691							
444	911	467	125158							
402	869	467	125625							
782	1250	468	126093							
776	1244	468	126561							
292	763	471	127032							
532	1005	473	127505							
662	1136	474	127979							
665	1140	475	128454							
780	1257	477	128931							
784	1261	477	129408							
821	1298	477	129885							
235	714	479	130364							
135	614	479	130843							
227	707	480	131323							
286	766	480	131803							
326	807	481	132284							
416	898	482	132766							
267	750	483	133249							
615	1099	484	133733							
786	1270	484	134217							
630	1115	485	134702							
253	739	486	135188							
646	1132	486	135674							
177	664	487	136161							
643	1131	488	136649							
535	1023	488	137137							
693	1182	489	137626							
155	645	490	138116							
796	1287	491	138607							
660	1151	491	139098							
382	874	492	139590							
691	1185	494	140084							
247	743	496	140580							
590	1087	497	141077							
222	719	497	141574							
485	983	498	142072							
595	1093	498	142570							
391	890	499	143069							
724	1224	500	143569							
530	1030	500	144069							
514	1015	501	144570							
422	924	502	145072							
238	742	504	145576							
186	690	504	146080							
689	1194	505	146585							
598	1103	505	147090							
716	1222	506	147596							
746	1253	507	148103							
723	1230	507	148610							
605	1112	507	149117							
311	819	508	149625							
620	1128	508	150133							
348	857	509	150642							
755	1264	509	151151							
269	779	510	151661							
104	615	511	152172							
215	727	512	152684							
127	640	513	153197							
436	949	513	153710							
705	1218	513	154223							
685	1199	514	154737							
778	1293	515	155252							
358	873	515	155767							
679	1198	519	156286							
236	757	521	156807							
524	1046	522	157329							
228	752	524	157853							
621	1146	525	158378							
520	1045	525	158903							
680	1208	528	159431							
682	1211	529	159960							
256	786	530	160490							
196	727	531	161021							
501	1032	531	161552							
366	898	532	162084							
698	1231	533	162617							
629	1162	533	163150							
499	1033	534	163684							
695	1229	534	164218							
255	791	536	164754							
374	911	537	165291							
208	746	538	165829							
321	859	538	166367							
453	991	538	166905							
100	639	539	167444							
673	1212	539	167983							
183	723	540	168523							
666	1206	540	169063							
645	1185	540	169603							
231	773	542	170145							
449	991	542	170687							
733	1276	543	171230							
621	1164	543	171773							
738	1282	544	172317							
683	1228	545	172862							
626	1171	545	173407							
118	664	546	173953							
139	686	547	174500							
302	850	548	175048							
274	822	548	175596							
148	697	549	176145							
378	927	549	176694							
722	1276	554	177248							
688	1242	554	177802							
332	887	555	178357							
616	1171	555	178912							
210	768	558	179470							
649	1209	560	180030							
657	1217	560	180590							
627	1189	562	181152							
560	1126	566	181718							
581	1149	568	182286							
93	661	568	182854							
591	1161	570	183424							
705	1275	570	183994							
430	1001	571	184565							
46	620	574	185139							
587	1162	575	185714							
618	1194	576	186290							
702	1280	578	186868							
651	1232	581	187449							
486	1067	581	188030							
638	1219	581	188611							
291	873	582	189193							
674	1256	582	189775							
330	912	582	190357							
625	1208	583	190940							
160	745	585	191525							
272	857	585	192110							
305	890	585	192695							
426	1012	586	193281							
345	932	587	193868							
194	781	587	194455							
388	976	588	195043							
372	960	588	195631							
670	1261	591	196222							
433	1024	591	196813							
259	851	592	197405							
621	1213	592	197997							
318	911	593	198590							
515	1109	594	199184							
90	687	597	199781							
531	1128	597	200378							
428	1027	599	200977							
429	1028	599	201576							
661	1260	599	202175							
410	1010	600	202775							
27	629	602	203377							
624	1227	603	203980							
56	660	604	204584							
474	1080	606	205190							
507	1116	609	205799							
275	885	610	206409							
441	1052	611	207020							
153	765	612	207632							
637	1249	612	208244							
92	706	614	208858							
25	639	614	209472							
679	1293	614	210086							
373	988	615	210701							
629	1245	616	211317							
640	1258	618	211935							
384	1002	618	212553							
142	763	621	213174							
417	1039	622	213796							
55	677	622	214418							
604	1226	622	215040							
564	1188	624	215664							
294	918	624	216288							
29	657	628	216916							
497	1126	629	217545							
609	1240	631	218176							
659	1293	634	218810							
608	1242	634	219444							
623	1261	638	220082							
636	1275	639	220721							
500	1140	640	221361							
67	707	640	222001							
409	1050	641	222642							
644	1286	642	223284							
493	1136	643	223927							
225	870	645	224572							
273	918	645	225217							
653	1299	646	225863							
594	1241	647	226510							
463	1111	648	227158							
128	776	648	227806							
566	1215	649	228455							
381	1032	651	229106							
523	1174	651	229757							
277	931	654	230411							
487	1143	656	231067							
471	1127	656	231723							
254	916	662	232385							
304	966	662	233047							
401	1065	664	233711							
385	1050	665	234376							
119	785	666	235042							
612	1281	669	235711							
213	884	671	236382							
573	1245	672	237054							
136	809	673	237727							
622	1296	674	238401							
154	829	675	239076							
5	681	676	239752							
588	1264	676	240428							
134	810	676	241104							
379	1056	677	241781							
53	731	678	242459							
175	853	678	243137							
59	741	682	243819							
156	839	683	244502							
205	890	685	245187							
97	787	690	245877							
367	1057	690	246567							
261	953	692	247259							
94	788	694	247953							
174	870	696	248649							
179	877	698	249347							
320	1023	703	250050							
473	1176	703	250753							
38	744	706	251459							
132	840	708	252167							
296	1006	710	252877							
319	1029	710	253587							
248	958	710	254297							
299	1010	711	255008							
64	776	712	255720							
456	1169	713	256433							
258	972	714	257147							
246	962	716	257863							
357	1074	717	258580							
39	762	723	259303							
468	1192	724	260027							
460	1188	728	260755							
271	1001	730	261485							
328	1063	735	262220							
482	1217	735	262955							
161	899	738	263693							
355	1093	738	264431							
317	1056	739	265170							
26	766	740	265910							
6	748	742	266652							
108	858	750	267402							
237	991	754	268156							
99	853	754	268910							
389	1144	755	269665							
242	999	757	270422							
349	1110	761	271183							
518	1280	762	271945							
337	1099	762	272707							
477	1240	763	273470							
490	1253	763	274233							
36	800	764	274997							
199	964	765	275762							
192	957	765	276527							
492	1257	765	277292							
525	1295	770	278062							
257	1030	773	278835							
201	974	773	279608							
124	900	776	280384							
114	892	778	281162							
60	839	779	281941							
121	907	786	282727							
354	1140	786	283513							
47	835	788	284301							
71	863	792	285093							
297	1103	806	285899							
169	978	809	286708							
298	1109	811	287519							
150	962	812	288331							
368	1182	814	289145							
370	1188	818	289963							
85	903	818	290781							
58	877	819	291600							
234	1055	821	292421							
395	1217	822	293243							
245	1075	830	294073							
306	1138	832	294905							
459	1293	834	295739							
394	1231	837	296576							
144	983	839	297415							
49	891	842	298257							
362	1207	845	299102							
329	1175	846	299948							
377	1224	847	300795							
123	973	850	301645							
198	1050	852	302497							
105	958	853	303350							
163	1023	860	304210							
120	980	860	305070							
412	1273	861	305931							
61	922	861	306792							
219	1080	861	307653							
73	934	861	308514							
78	941	863	309377							
13	876	863	310240							
34	903	869	311109							
352	1221	869	311978							
411	1284	873	312851							
158	1033	875	313726							
209	1086	877	314603							
66	944	878	315481							
11	891	880	316361							
249	1130	881	317242							
359	1240	881	318123							
48	930	882	319005							
216	1107	891	319896							
380	1274	894	320790							
125	1019	894	321684							
172	1067	895	322579							
396	1293	897	323476							
80	977	897	324373							
232	1130	898	325271							
203	1104	901	326172							
24	930	906	327078							
369	1276	907	327985							
41	948	907	328892							
140	1048	908	329800							
184	1092	908	330708							
185	1093	908	331616							
207	1116	909	332525							
364	1274	910	333435							
98	1011	913	334348							
86	999	913	335261							
62	975	913	336174							
218	1134	916	337090							
310	1226	916	338006							
314	1231	917	338923							
356	1273	917	339840							
365	1284	919	340759							
54	974	920	341679							
165	1087	922	342601							
181	1106	925	343526							
262	1189	927	344453							
138	1071	933	345386							
313	1247	934	346320							
65	1004	939	347259							
166	1109	943	348202							
333	1280	947	349149							
130	1080	950	350099							
149	1108	959	351058							
131	1091	960	352018							
137	1098	961	352979							
251	1214	963	353942							
129	1093	964	354906							
217	1182	965	355871							
325	1293	968	356839							
322	1293	971	357810							
81	1055	974	358784							
115	1092	977	359761							
226	1206	980	360741							
101	1083	982	361723							
103	1088	985	362708							
106	1095	989	363697							
187	1176	989	364686							
164	1156	992	365678							
162	1162	1000	366678							
176	1176	1000	367678							
87	1093	1006	368684							
122	1130	1008	369692							
70	1078	1008	370700							
145	1155	1010	371710							
102	1118	1016	372726							
88	1116	1028	373754							
76	1109	1033	374787							
193	1236	1043	375830							
82	1135	1053	376883							
206	1264	1058	377941							
200	1262	1062	379003							
220	1284	1064	380067							
167	1233	1066	381133							
146	1217	1071	382204							
214	1287	1073	383277							
83	1159	1076	384353							
191	1275	1084	385437							
52	1137	1085	386522							
143	1233	1090	387612							
126	1226	1100	388712							
133	1235	1102	389814							
110	1213	1103	390917							
141	1261	1120	392037							
75	1201	1126	393163							
7	1136	1129	394292							
17	1169	1152	395444							
22	1175	1153	396597							
107	1261	1154	397751							
113	1270	1157	398908							
96	1260	1164	400072							
8	1183	1175	401247							
84	1260	1176	402423							
14	1207	1193	403616							
69	1269	1200	404816							
20	1235	1215	406031							
43	1264	1221	407252							
72	1293	1221	408473							
16	1238	1222	409695							
9	1236	1227	410922							
50	1287	1237	412159							
42	1291	1249	413408							
18	1270	1252	414660							
31	1284	1253	415913							